Archaic_Greek:Greece_Delphi_IA,0.119514,0.161469,-0.009051,-0.057817,0.02462,-0.031794,-0.009165,-0.010384,0.01493,0.038087,0.000974,0.008542,-0.017839,-0.003853,-0.022258,0.007823,0.023208,0.00114,0.009176,0.00075,-0.02009,0.00643,-0.005176,0.014219,0.002634
Ancient_Roman:Italy_IA_Republic.SG,0.1287827,0.1526196,0.0386817,-0.0130123,0.0465141,-0.0051793,0.0013764,-0.0002636,0.0220884,0.0411854,-0.0006729,0.0110687,-0.0197506,-0.0099481,-0.0009113,-0.0023489,0.0041536,0.0023167,0.0060516,-0.0023761,0.0003923,0.0031796,-0.004384,-0.0042517,-0.0018474
Balto_Slavic:Lithuania_BA,0.129189,0.1284645,0.091075,0.093993,0.040469,0.036395,0.0072855,0.011076,-0.0031705,-0.0483835,-0.0021925,-0.017834,0.0152375,0.026905,-0.009636,-0.00358,-0.008801,0.0025975,-0.004902,0.0006875,-0.0034315,0.0012365,0.000493,-0.0144595,0.0091605
Canaanite:Israel_IA,0.084229,0.147252,-0.063356,-0.09367,-0.016311,-0.047969,-0.008695,-0.003923,0.01084,0.009294,0.008607,-0.005995,0.022596,0.005367,-0.008279,0.001458,-0.024773,0.006081,0.007416,-0.00988,0.003119,-0.002844,-0.002958,-0.001566,-0.005748
Celtic:Austria_IA_LaTene,0.129379,0.150637,0.0452547,0.0050603,0.043598,0.0002787,0.0039167,0.0047687,0.015203,0.020957,-0.0032477,0.009841,-0.0111003,-0.0027527,-0.0009953,-0.0055247,-0.0043897,0.0054053,0.0046507,-0.0032517,0.0003743,0.0010717,-0.0022183,-0.0013653,-0.001477
Celtic:Czech_IA_LaTene,0.1281701,0.1373799,0.0582169,0.0360859,0.0417966,0.0092812,0.0032627,0.0047386,0.0079955,0.010095,-0.0043695,0.0055032,-0.0111806,-0.0095248,0.0093489,0.0060159,-0.000276,0.0017147,0.0024263,0.0024373,0.0024927,0.0032035,-0.0026284,0.0014544,-0.0009747
Celtic:Hungary_IA_LaTene,0.128827,0.1445745,0.0470887,0.0141973,0.0439242,0.0029157,0.0019228,0.0041536,0.0119647,0.021744,-0.0037424,0.0055791,-0.012028,-0.0004316,-0.0018816,0.0014164,0.0048954,-0.0001151,0.0028053,-0.0001648,1.70E-05,0.00403,-0.0011877,-0.0054224,-0.0034726
Celtic: Slovakia_LIA_LaTene,0.1274818,0.1464902,0.054494,0.0254362,0.0435465,0.0097612,-0.0014688,0.001442,0.0098682,0.0213218,-0.0025168,0.005358,-0.0120412,-0.0062618,0.0066505,-6.62E-05,-0.0034227,0.0034522,0.0061905,-0.0019385,0.0012165,0.003493,-0.0025575,-0.001777,0.0046105
Germanic:Sweden_IA.SG,0.12862,0.126941,0.06939,0.0646,0.035391,0.01757,0.012221,0.003692,0.00225,-0.009659,0.00065,0.002847,-0.008474,0.006606,0.016829,-0.009679,-0.01708,0.006081,0.008296,0.001751,0.001248,0.000247,0.000246,0.006025,-0.000958
Illyrian:Albania_IA,0.132035,0.156392,0.034695,-0.011628,0.035083,-0.001952,0.00329,0.000692,0.002659,0.031345,0.008607,0.016785,-0.023934,-0.004404,-0.013572,0.000663,0.011865,0.006714,0.011313,-0.010005,-0.007736,-0.000371,-0.002588,0.007832,-0.007784
Mansi,0.0858551,-0.1662567,0.1091496,0.0617391,-0.0731126,-0.0220721,0.0089639,0.0169443,0.0012563,-0.034833,0.0522891,-0.0038323,0.0196231,-0.0715246,-0.0247981,-0.0130504,0.0005961,-0.0012849,-0.0058359,-0.0123809,-0.0026739,0.0235293,0.0147899,-0.0036493,-0.0069283
Khanty,0.0843358,-0.1887614,0.1132422,0.0622381,-0.087372,-0.0253529,0.0088788,0.014372,-0.0003132,-0.0338162,0.0551715,-0.0048753,0.021514,-0.0763677,-0.0254603,-0.0146056,-0.0048771,0.0020112,-0.0015909,-0.01174,-0.0035523,0.0236292,0.0198467,-0.0026358,-0.009651
Paeonian:Macedonia_IA,0.1258882,0.1525326,0.0215336,-0.0193154,0.0273589,-0.0084503,-0.000282,-0.0012921,0.0032724,0.0315268,0.0030529,0.0074483,-0.0163378,-0.0078031,-0.013382,0.0004374,0.009844,0.0037374,0.0071018,-0.0071659,-0.0103193,0.0055645,-0.0006532,0.0066031,-0.0023591
Saka:Kazakhstan_Saka_IA,0.0865057,-0.0822577,0.0532997,0.0509263,-0.0381607,0.0138517,0.0018017,0.0006923,-0.011726,-0.0201067,-0.005413,-0.0002997,0.005104,-0.023304,0.0170557,0.0057453,-0.0063017,-0.0036743,0.0017597,0.0049607,-0.0148907,-0.0009483,-0.003985,-0.0016063,-0.0023947
Sarmatian:Kazakhstan_Sarmatian_IA,0.1075112,0.0507765,0.035518,0.0690926,-0.0261585,0.0251508,0.0015596,-0.001951,-0.0245799,-0.0351054,0.0002363,-0.0005994,-4.05E-05,-0.0201805,0.0208022,0.014645,-0.0034138,-3.45E-05,0.0009484,-0.0016939,-0.0073055,0.0019558,-0.0003922,0.0072627,-0.0027651
Scytho_Siberian_Sargat:Kazakstan_Sargat_IA,0.091058,-0.027419,0.059962,0.065892,-0.041546,0.002789,0.00047,-0.005769,-0.015135,-0.031162,0.00406,-0.005395,-0.001933,-0.026011,0.007057,0.001061,-0.009257,0.000127,-0.000126,-0.01038,-0.005989,0.003462,0.001479,0.005784,-0.009819
Scytho_Siberian_Sargat:Russia_EIA_Sargatka_IA,0.0933349,-0.0685944,0.0665789,0.0599899,-0.0478408,0.0024085,0.0010255,0.0032097,-0.0146143,-0.0290251,0.0135372,-0.0030926,0.007852,-0.0330044,0.0062925,0.0022539,-0.0073015,0.0029945,-0.002834,-0.0022965,-0.0102546,0.0040469,0.0037535,0.0027605,0.0006205
Tarim_Basin:China_Xinjiang_Zhagunluke_IA,0.0773997,-0.1299873,0.022879,0.0563097,-0.0488293,0.0163613,0.0036037,-0.001846,-0.0216793,-0.0357183,-0.023871,-0.0036967,0.0042617,-0.0282127,0.017191,0.0031823,-0.0172977,0.0071793,0.000419,-0.001459,-0.0176357,0.0027613,0.001561,-0.0045383,0.0029937
Thracian:Bulgaria_IA,0.125205,0.158423,0.006034,-0.052972,0.031698,-0.02259,0.004465,-0.000231,0.00859,0.032802,0.002598,0.005095,-0.01442,-0.002064,-0.016422,-0.001458,0.012126,0.004941,0.004777,-0.013256,-0.006613,0.000989,-0.004314,0.003615,-0.011256
Urartian:Armenia_IA,0.1076441,0.128682,-0.0430994,-0.0223331,-0.0335447,-0.0019126,0.0063451,-0.007681,-0.0503129,-0.0241853,0.0010901,0.0070223,-0.0134431,-0.0002949,0.0037421,-0.0094517,0.0030173,-0.0013574,-0.0047764,0.0025906,0.0038147,0.0016959,0.003398,-0.003133,0.0019673
Western_Scythian:Hungary_IA_Scythian,0.140002,0.147252,0.070899,0.046835,0.053856,0.017012,-0.000235,0.018922,-0.002454,-0.005832,-0.012342,-0.002248,0.009812,-0.00523,-0.002579,0.009281,-0.000782,0.014823,0.006411,-0.001876,0.007986,0.002473,-0.004437,-0.013134,0.006586
Western_Scythian:Slovakia_IA_Vekerzug,0.1271025,0.1437313,0.0466874,0.0169683,0.0378942,0.002008,0.0011907,0.0047228,0.0096535,0.0125865,-0.0006819,0.002148,-0.0056491,0.0035691,-0.0042345,-0.0022009,0.0017386,0.0014696,0.0063937,-0.0008755,-0.002612,0.0016486,0.0017995,-0.0070131,3.19E-05
Xianbei:Mongolia_IA_Xianbei,0.037562,-0.38387,0.075801,-0.023902,-0.058472,-0.039324,0.013631,0.00923,0.000205,0.013668,-0.046281,0.002248,-0.003568,-0.001239,0.00665,0.010077,0.001565,0.003801,0.006034,0.023011,-0.023084,-0.018795,-0.026252,-0.005784,0.002515
Xiongnu:Mongolia_EIA_Xiongnu_7,0.0387,-0.385901,0.066373,-0.023256,-0.055703,-0.033467,0.013631,0.018461,0.005931,0.005285,-0.033127,-0.004046,-0.001933,-0.000826,-0.002579,0.000663,-0.005215,0.000253,-0.003268,0.001626,-0.007612,-0.002102,-0.011709,-0.000241,0.011855